K2OSiO2
[45, 100]
[45, 0.945]
[48, 1.2]
[68, 2.9]
[85, 4.345]
[85, 100]
[45, 0.945]
[48, 1.2]
[68, 2.9]
[85, 4.345]
[85, 1.965]
[68, 1.2]
[48, 0.3]
[45, 0.16499999999999998]
[45, 0.16499999999999998]
[48, 0.3]
[68, 1.2]
[85, 1.965]
[85, 0]
[45, 0]



TAS
[41, 3]
[37, 3]
[35, 9]
[37, 14]
[52.5, 18]
[52.5, 14]
[48.4, 11.5]
[45, 9.4]
[41, 7]
[41, 0]
[41, 3]
[45, 3]
[45, 0]
[41, 3]
[41, 7]
[45, 9.4]
[49.4, 7.3]
[45, 5]
[45, 3]
[45, 9.4]
[48.4, 11.5]
[53, 9.3]
[49.4, 7.3]
[48.4, 11.5]
[52.5, 14]
[57.6, 11.7]
[53, 9.3]
[52.5, 14]
[52.5, 18]
[57, 18]
[63, 16.2]
[61, 13.5]
[57.6, 11.7]
[45, 0]
[45, 2]
[52, 5]
[52, 0]
[45, 2]
[45, 5]
[52, 5]
[45, 5]
[49.4, 7.3]
[52, 5]
[49.4, 7.3]
[53, 9.3]
[57, 5.9]
[52, 5]
[53, 9.3]
[57.6, 11.7]
[61, 8.6]
[63, 7]
[57, 5.9]
[57.6, 11.7]
[61, 13.5]
[63, 16.2]
[71.8, 13.5]
[61, 8.6]
[61, 8.6]
[71.8, 13.5]
[69, 8]
[63, 7]
[52, 0]
[52, 5]
[57, 5.9]
[57, 0]
[57, 0]
[57, 5.9]
[63, 7]
[63, 0]
[63, 0]
[63, 7]
[69, 8]
[77.3, 0]
[77.3, 0]
[69, 8]
[71.8, 13.5]
[85.9, 6.8]
[87.5, 4.7]
[77.3, 0]
[87.5, 4.7]
[90, 4.7]
[90, 0]


Clastic
[0, 0, 100]
[25, 0, 75]
[0, 25, 75]
[25, 0, 75]
[50, 0, 50]
[40, 20, 40]
[20, 20, 60]
[12.5, 12.5, 75]
[12.5, 12.5, 75]
[20, 20, 60]
[20, 40, 40]
[0, 50, 50]
[0, 25, 75]
[50, 0, 50]
[75, 0, 25]
[75, 12.5, 12.5]
[60, 20, 20]
[40, 20, 40]
[20, 20, 60]
[60, 20, 20]
[20, 60, 20]
[20, 40, 40]
[20, 60, 20]
[12.5, 75, 12.5]
[0, 75, 25]
[0, 50, 50]
[75, 0, 25]
[100, 0, 0]
[75, 25, 0]
[60, 20, 20]
[75, 12.5, 12.5]
[75, 25, 0]
[50, 50, 0]
[40, 40, 20]
[40, 40, 20]
[50, 50, 0]
[25, 75, 0]
[12.5, 75, 12.5]
[20, 60, 20]
[0, 75, 25]
[25, 75, 0]
[0, 100, 0]



QAPF
[100, 0, 0]
[90, 10, 0]
[90, 0, 10]
[90, 10, 0]
[60, 40, 0]
[60, 0, 40]
[90, 0, 10]
[60, 40, 0]
[20, 80, 0]
[20, 72, 8]
[60, 36, 4]
[60, 36, 4]
[20, 72, 8]
[20, 52, 28]
[60, 26, 14]
[60, 26, 14]
[20, 52, 28]
[20, 28, 52]
[60, 14, 26]
[60, 14, 26]
[20, 28, 52]
[20, 8, 72]
[60, 4, 36]
[60, 4, 36]
[20, 8, 72]
[20, 0, 80]
[60, 0, 40]
[20, 80, 0]
[5, 95, 0]
[5, 85.5, 9.5]
[20, 72, 8]
[20, 72, 8]
[5, 85.5, 9.5]
[5, 61.75, 33.25]
[20, 52, 28]
[20, 52, 28]
[5, 61.75, 33.25]
[5, 33.25, 61.75]
[20, 28, 52]
[20, 28, 52]
[5, 33.25, 61.75]
[5, 9.5, 88.5]
[20, 8, 72]
[5, 9.5, 88.5]
[20, 8, 72]
[5, 0, 95]
[20, 0, 80]
[5, 95, 0]
[0, 100, 0]
[0, 90, 10]
[5, 88.5, 9.5]
[5, 88.5, 9.5]
[0, 90, 10]
[0, 65, 35]
[5, 61.75, 33.25]
[5, 61.75, 33.25]
[0, 65, 35]
[0, 35, 65]
[5, 33.25, 61.75]
[5, 33.25, 61.75]
[0, 35, 65]
[0, 10, 90]
[5, 9.5, 88.5]
[5, 9.5, 88.5]
[0, 10, 90]
[0, 0, 100]
[5, 0, 95]



Pearce0
[2, 80]
[55, 300]
[400, 2000]
[2, 2000]
[400, 2000]
[55, 300]
[51.5, 8]
[2000, 400]
[2, 80]
[55, 300]
[51.5, 8]
[50, 1]
[2, 1]
[50, 1]
[51.5, 8]
[2000, 400]
[2000, 1]



Pearce1
[0.5, 140]
[6, 200]
[50, 2000]
[0.5, 2000]
[50, 2000]
[6, 200]
[6, 8]
[200, 400]
[0.5, 140]
[6, 200]
[6, 8]
[6, 1]
[0.5, 1]
[6, 1]
[6, 8]
[200, 400]
[200, 1]

Pearce2
[1, 2000]
[25, 25]
[1000, 400]
[1000, 2000]
[1000, 400]
[25, 25]
[50, 10]
[1000, 100]
[40, 1]
[50, 10]
[1000, 100]
[1000, 1]



Pearce3
[0.55, 20]
[3, 2]
[0.1, 0.35]
[0.1, 20]
[0.55, 20]
[3, 2]
[100, 20]
[0.1, 0.35]
[3, 2]
[5, 1]
[5, 0.05]
[0.1, 0.05]
[100, 20]
[3, 2]
[5, 1]
[100, 7]
[5, 0.05]
[5, 1]
[100, 7]
[100, 0.05]